0 	11718 	10156 	3036 	18100 	4632 	8075 	6177 	1096 	231 	1335 	19755 	7119 	35187 	82 	1523 	18 	20040 	24250 	13530 	26186 	690 	877 	1531 	92 	663 	0 	36 	12 	5 	6 	2 	4 	5 	4 	0 	
4101 	0 	37 	725 	38765 	140 	852 	318 	4184 	93 	138 	3876 	377 	246 	1706 	35 	1 	4499 	2811 	2179 	2326 	129 	473 	329 	32 	290 	0 	17 	6 	4 	3 	2 	0 	0 	3 	0 	
350 	2 	0 	31 	387 	2 	7 	108925 	289 	2 	7460 	103 	8 	6 	753 	5 	6 	170 	98 	183 	126 	4 	10 	44 	35 	50 	1 	2 	0 	1 	0 	0 	0 	0 	0 	1 	
25032 	1482 	266 	0 	72306 	1028 	1423 	1277 	32703 	442 	861 	1954 	1363 	1565 	3516 	378 	30 	3672 	4578 	1299 	7987 	1206 	2422 	5553 	59 	1073 	0 	59 	42 	17 	5 	6 	6 	4 	7 	6 	
9041 	16626 	9680 	19139 	0 	9638 	16125 	21764 	75688 	1258 	5925 	24905 	20076 	131355 	1572 	2968 	187 	129211 	52023 	20653 	13451 	4249 	11036 	10217 	201 	4400 	1 	116 	76 	30 	20 	15 	4 	7 	11 	13 	
6663 	371 	41 	3247 	12241 	0 	989 	386 	3124 	108 	249 	2311 	593 	1003 	3017 	101 	4 	4999 	1519 	4910 	7144 	205 	486 	3650 	122 	546 	2 	21 	16 	15 	5 	11 	6 	2 	12 	7 	
6663 	752 	35 	2858 	54135 	559 	0 	650 	4179 	210 	1120 	4665 	734 	1356 	1135 	127 	2 	5196 	4245 	6334 	4049 	847 	1111 	975 	76 	856 	0 	36 	34 	9 	5 	10 	5 	5 	11 	4 	
24774 	1850 	60 	6084 	37785 	942 	1968 	0 	12737 	441 	1815 	8102 	6846 	10488 	7077 	242 	14 	14980 	5314 	22679 	5339 	1337 	5032 	2269 	154 	1443 	1 	30 	20 	7 	3 	5 	4 	2 	6 	3 	
1623 	2081 	43691 	3883 	59846 	2078 	12169 	9786 	0 	154 	2302 	6637 	7050 	59640 	2739 	637 	19 	13209 	21048 	23554 	664 	1304 	478 	599 	5 	921 	0 	58 	15 	3 	1 	3 	4 	1 	2 	1 	
3049 	17 	3 	31 	3322 	5 	10 	15 	135 	0 	36 	6 	6 	21 	392 	5 	0 	5 	62 	128 	988 	8 	51 	1 	1 	28 	0 	2 	0 	0 	0 	0 	0 	0 	0 	0 	
6762 	301 	51 	649 	11088 	183 	419 	304 	1762 	41 	0 	4049 	245 	762 	8089 	81 	2 	2801 	1384 	4627 	2546 	185 	435 	243 	57 	341 	14 	9 	5 	1 	1 	5 	3 	3 	1 	1 	
14535 	3373 	2215 	5402 	32327 	1184 	2259 	821 	20529 	245 	1234 	0 	994 	2295 	4960 	337 	6 	323 	9266 	12879 	5632 	779 	960 	15793 	138 	1188 	18 	66 	51 	15 	12 	4 	2 	2 	3 	2 	
13790 	1746 	144 	2769 	25219 	1094 	1949 	1274 	15132 	271 	1237 	1500 	0 	994 	3618 	2141 	15 	688 	3554 	3373 	5758 	788 	1556 	8856 	40 	1006 	10 	105 	59 	22 	13 	10 	7 	6 	8 	7 	
24440 	8483 	1128 	75143 	51076 	6480 	30814 	8296 	27600 	2128 	10328 	4676 	8943 	0 	7514 	2377 	100 	3037 	32632 	19711 	17250 	5535 	16773 	18714 	185 	9578 	2 	239 	132 	59 	52 	56 	17 	11 	43 	19 	
383 	2388 	5168 	3112 	9850 	2028 	2023 	3738 	578 	281 	924 	9019 	5579 	15805 	0 	1649 	8 	13895 	6044 	2931 	491 	616 	2215 	241 	45 	844 	0 	9 	8 	1 	1 	1 	0 	1 	5 	0 	
3442 	14 	31 	73 	3609 	3306 	12 	509 	1747 	17 	27 	1488 	55 	14 	1872 	0 	1 	4416 	196 	913 	811 	16 	22 	1121 	28 	17 	1 	58 	7 	11 	10 	0 	0 	0 	0 	0 	
4 	0 	1 	1 	1 	0 	0 	0 	2 	0 	0 	0 	1 	0 	2 	0 	0 	0 	1 	1 	599 	1 	0 	0 	0 	0 	0 	0 	0 	0 	0 	0 	0 	0 	0 	0 	
25495 	8845 	3064 	21804 	39031 	5800 	9405 	6939 	18170 	1189 	7499 	5590 	7494 	11622 	8272 	1993 	71 	0 	19633 	16981 	15422 	3708 	8158 	4748 	331 	5512 	3 	267 	142 	22 	19 	14 	11 	14 	17 	9 	
14029 	3130 	30082 	9071 	50928 	2058 	5448 	3459 	30375 	717 	3159 	2751 	3896 	2501 	12722 	5883 	46 	1451 	0 	42896 	5126 	2325 	6025 	30966 	471 	2540 	5 	146 	83 	19 	12 	17 	13 	14 	9 	14 	
15858 	2591 	203 	12392 	73965 	1729 	3740 	5235 	16716 	783 	1219 	3809 	3430 	3005 	4607 	621 	38 	8745 	13416 	0 	10447 	2574 	7787 	10295 	161 	9011 	1 	159 	82 	21 	22 	27 	17 	11 	19 	12 	
982 	2904 	6953 	2604 	26794 	11245 	4259 	2232 	750 	161 	1181 	2134 	8455 	44558 	152 	1168 	9 	10767 	16019 	7235 	0 	780 	1067 	683 	14 	469 	0 	8 	10 	3 	3 	6 	0 	0 	0 	0 	
823 	18 	17 	23 	10652 	12 	71 	11 	2633 	5 	36 	5 	11 	8 	12005 	6 	0 	15 	26 	15 	27 	0 	7 	7 	1 	6 	13 	16 	8 	2 	0 	0 	0 	0 	0 	0 	
16574 	84 	14 	177 	19141 	51 	113 	116 	16701 	116 	99 	105 	65 	95 	6017 	12 	1 	104 	390 	62 	4094 	54 	0 	475 	136 	29 	3 	40 	7 	0 	1 	2 	0 	0 	0 	0 	
38 	3 	12 	21 	115 	8 	15 	6 	247 	2 	10 	6 	7 	8 	8 	106 	1 	3 	16 	85 	25 	13 	9 	0 	1 	10 	1 	4 	5 	0 	1 	0 	0 	0 	0 	0 	
172 	64 	56 	77 	152 	20 	33 	29 	72 	13 	48 	72 	98 	128 	105 	98 	0 	64 	349 	150 	64 	14 	39 	0 	0 	24 	0 	11 	1 	1 	0 	0 	0 	1 	1 	0 	
1673 	231 	44 	414 	8370 	100 	270 	121 	4122 	19 	149 	594 	88 	125 	904 	75 	2 	82 	271 	3207 	16393 	168 	2446 	151 	13 	0 	0 	29 	10 	9 	2 	6 	4 	4 	0 	1 	
59 	35 	4 	80 	45 	17 	16 	42 	13 	29 	17 	10 	54 	10 	5 	38 	0 	8 	49 	14 	24 	14 	15 	1026 	1 	93 	0 	231 	128 	115 	86 	83 	91 	90 	62 	74 	
34 	38 	1 	44 	15 	19 	17 	24 	17 	36 	18 	5 	19 	14 	10 	11 	0 	6 	40 	7 	6 	9 	9 	133 	0 	6 	168 	0 	133 	100 	73 	108 	79 	97 	155 	986 	
45 	25 	2 	28 	17 	19 	19 	6 	7 	12 	5 	6 	19 	6 	8 	15 	0 	3 	19 	6 	19 	11 	14 	89 	0 	8 	488 	100 	0 	121 	83 	98 	65 	58 	80 	81 	
54 	21 	6 	31 	11 	17 	10 	14 	18 	3 	9 	7 	31 	9 	8 	10 	0 	1 	26 	4 	8 	4 	17 	50 	0 	8 	96 	83 	66 	0 	42 	62 	48 	53 	39 	40 	
21 	30 	2 	32 	16 	19 	10 	4 	8 	5 	3 	7 	20 	11 	8 	14 	0 	7 	19 	2 	10 	2 	8 	41 	1 	4 	76 	57 	52 	41 	0 	75 	41 	49 	48 	59 	
34 	31 	6 	27 	15 	16 	10 	8 	18 	16 	12 	12 	25 	7 	6 	12 	0 	5 	20 	8 	15 	10 	15 	51 	0 	15 	107 	62 	63 	42 	38 	0 	43 	47 	32 	52 	
27 	16 	3 	22 	16 	14 	9 	11 	14 	10 	4 	8 	10 	7 	6 	5 	1 	2 	14 	4 	9 	7 	14 	30 	0 	11 	61 	56 	42 	36 	53 	30 	0 	40 	24 	46 	
33 	20 	0 	40 	12 	7 	6 	12 	9 	9 	10 	7 	6 	4 	6 	10 	0 	8 	20 	4 	20 	8 	6 	46 	0 	7 	47 	65 	42 	36 	39 	48 	37 	0 	44 	33 	
20 	22 	5 	21 	19 	7 	8 	12 	11 	9 	6 	8 	11 	5 	5 	7 	0 	5 	18 	0 	18 	5 	2 	62 	0 	8 	59 	80 	64 	79 	78 	60 	92 	84 	0 	68 	
47 	40 	2 	16 	20 	12 	8 	12 	21 	43 	8 	4 	14 	11 	5 	8 	0 	4 	21 	8 	12 	10 	16 	622 	0 	26 	126 	134 	158 	169 	150 	95 	165 	225 	352 	0 	
