-10	-5,73999792696245	-5,87917452055771	-7,09523833485099	-5,30403144341232	-6,66759258510305	-6,11110001197661	-6,3921966144644	-7,92947415781486	-7,91131934753448	-5,21873038661409	-6,23141039627146	-4,6360716916314	-10,8031914808059	-7,77816283776346	-12,2168848161139	-5,20266962603062	-5,01050752464164	-5,59459185284522	-4,93404727439914	-8,54764133651681	-8,34337166544762	-7,77881922111489	-10,5963970674932	-8,60147251388183	
-6,7868084600535	-10	-11,5237376355539	-8,52246518162434	-4,54203511161972	-10,1514295164088	-8,36437593821815	-9,34206547122521	-6,7408862723284	-10,1727826408794	-6,84263574459884	-9,18567815436624	-9,56992230699152	-7,66067147485233	-11,4183771198961	-15,1072565740101	-6,69609078723935	-7,16596100310352	-7,42155351277551	-7,34423526499154	-10,2552263100904	-8,95665380556378	-9,30513819863299	-11,6732693695249	-9,42708396499299	
-9,22672358760935	-13,7209622128902	-10	-11,7750520638349	-9,17766743062016	-14,4141093934501	-13,1613464249547	-3,50900698799963	-9,43737565102953	-6,19075049397085	-10,502086388022	-13,0278150323302	-13,315497104782	-8,4699985427256	-13,497818661576	-13,315497104782	-10,0135063732033	-10,502086388022	-9,89232081640107	-10,286975008405	-13,315497104782	-12,6223499242221	-11,2154362758994	-11,6107490125436	-11,1369646604579	
-4,97802884431245	-7,79470307590746	-9,51254519440822	-10	-3,91862184235899	-8,15931950539509	-7,8418268507561	-7,95264121709639	-4,69683094443513	-8,3410648593497	-7,5275777509196	-7,8716374329433	-7,74524602275032	-6,93877015688337	-9,14883188098027	-11,6732693695249	-6,90313164143601	-6,67540342976083	-7,94176309894921	-6,12030978460329	-8,00722940738079	-7,31325748450606	-6,48067100582262	-11,0642053061755	-8,12439382254111	
-5,99684704065892	-5,3867307831553	-5,92871651458367	-5,24615473797036	-10	-5,93295797338114	-5,41776702112843	-5,11690348845234	-3,85621548867047	-6,42065821773309	-4,98270763636404	-5,19853275467868	-3,32206221164068	-7,7516154710358	-7,1082493607661	-9,88690074893173	-3,33765994262217	-4,24804606035606	-5,17062442288162	-5,59940756876436	-6,7509366081819	-5,79743292354892	-5,86959290638498	-9,79898887660885	-6,7178967541037	
-6,29948550703001	-9,16708532128962	-11,3695869557267	-7,01654785792606	-5,69520059813328	-10	-8,20753346672518	-9,14110983488636	-7,02392796522368	-9,58180363487827	-7,36528867418937	-8,6937976168427	-8,19054155365644	-7,09490693468226	-10,4628656748687	-13,7209622128902	-6,59166466396079	-7,77685136216565	-6,60659935123392	-6,2325288082432	-9,75539844053399	-8,91694116815691	-6,9069683137225	-10,2950722186376	-8,79370852773296	
-6,29963508447401	-8,4699985427256	-11,4436949278804	-7,14310085516912	-4,2070787225312	-8,76866249580687	-10	-8,6226213383748	-6,71880625848654	-8,0897504310688	-6,65791404950199	-8,49387235563049	-7,89496210550971	-8,07198797472896	-10,2950722186376	-14,4141093934501	-6,55026591271975	-6,75352393174685	-6,35199181069537	-6,80226699386969	-8,36319738769871	-8,09514127970367	-8,21157387626219	-10,7897684604737	-8,35615510507329	
-4,98837542361978	-7,57195987156597	-10,980122188965	-6,39416770577274	-4,56814502715765	-8,2581902913766	-7,52808860661398	-10	-5,6204973218608	-7,60396694333497	-6,10874896220221	-6,2764212084725	-5,84745959332128	-6,2440652333192	-9,60192503807769	-12,4681992443948	-5,49025181335022	-6,52615005685016	-5,07775330089107	-6,52446292550987	-7,90385105292696	-6,58150015193333	-7,37576454476437	-10,0833760531638	-7,82106485930767	
-6,64451956838988	-7,45994774165382	-4,42309184842862	-6,82679888742749	-4,05397261104405	-7,46138074882524	-5,69773752817349	-5,91854850216099	-10	-7,35191776116355	-6,30488444036015	-6,24349938240581	-4,10923169084785	-7,05846829047586	-8,65995071146884	-12,2168848161139	-5,61875430296625	-5,1497070633754	-5,03541962224686	-7,68011244060144	-7,91507451529681	-8,80647077934681	-8,30931616103512	-13,1613464249547	-8,25501400495818	
-6,28966253773426	-9,38040882642286	-11,1560128554286	-8,62109578506596	-5,79264628085807	-9,91429972311984	-9,06225125997404	-9,30816391954953	-7,61561110040492	-10	-6,80325660305486	-9,60599836346533	-8,47525479661442	-6,10702013984028	-10,6646053175197	-14,4141093934501	-7,16738499764817	-7,8752462423453	-6,66694442692977	-7,26851901441077	-9,89232081640107	-9,01368680396492	-9,61419513066951	-11,0819048832749	-9,26952612684411	
-5,52197903229467	-6,98785798439776	-7,40832037419661	-6,51254694016599	-4,7219912305166	-8,03738244555148	-7,37840075015751	-8,38462677915461	-5,16344315000236	-7,99005107084571	-10	-8,19650578604812	-7,36746211560135	-6,59849886141492	-9,2812564666296	-13,315497104782	-9,32343139168032	-5,97088572223405	-5,64467997651639	-6,46572410833821	-8,44796265432642	-8,23202448673348	-5,43980786077387	-10,1727826408794	-7,99492912929914	
-5,57345683820657	-7,63760240107793	-10,1236499523017	-7,17525342164867	-4,97150716851519	-8,10146755475655	-7,53167192245226	-7,95498771797751	-5,46066327377339	-7,98762093599242	-7,78474614001266	-10	-8,19351922335037	-6,91137118269526	-7,42985614349525	-12,3992063729078	-8,56911675024238	-6,92553611888195	-6,98547915484898	-6,45378576430127	-8,43269518219563	-7,75033833165403	-6,01547453815801	-11,3936845073057	-8,18264417796149	
-5,00139976937619	-6,05100021741659	-8,0606092961613	-3,87966926394715	-4,2663627989957	-6,32769911812633	-4,77143480926374	-6,0810794537072	-4,80566426777205	-5,86270803070413	-6,65428195492047	-6,00550414245077	-10	-6,18339899391017	-7,32112013622698	-10,502086388022	-7,08272170240436	-4,71362581190314	-5,21994921770296	-5,35081996418596	-6,48768731597695	-5,37913482570187	-5,26868094565107	-9,88150990029685	-5,93586495217245	
-9,14625123438678	-7,33072154582481	-6,55508241369857	-7,06487856883677	-5,91162383090615	-7,48655148717179	-7,48998876038171	-6,87854577521637	-8,345683805206	-8,2753030084442	-5,9992812087119	-6,48138836596816	-5,44025113722732	-10	-7,70176091081058	-13,0278150323302	-5,56811617886119	-6,39663704606776	-7,12552328731817	-8,90269881144136	-8,70202811597921	-7,40064366004586	-9,63498590033858	-11,3005940842397	-8,37266491403711	
-6,96519329090591	-11,7750520638349	-11,6732693695249	-10,7897684604737	-6,91357990805481	-6,99923535263331	-12,4681992443948	-8,87874557041887	-7,63248439161218	-11,6415206712103	-7,80476015028273	-11,0297191301043	-12,4681992443948	-7,56081030026403	-10	-15,1072565740101	-6,71155328018153	-9,79405059496827	-8,28505918338956	-8,40775623384838	-12,3346678517703	-11,8491600359886	-8,07639909789393	-11,8114197080057	-12,1628175948436	
-13,7209622128902	-10	-15,1072565740101	-15,1072565740101	-15,1072565740101	-10	-10	-10	-14,4141093934501	-10	-10	-15,1072565740101	-10	-14,4141093934501	-10	-10	-10	-15,1072565740101	-15,1072565740101	-8,70533937728287	-15,1072565740101	-10	-10	-10	-10	
-4,95909883961544	-6,01885787283911	-7,07814951939032	-5,11603290716984	-4,53632433826635	-6,43717063649067	-5,95836616435009	-6,25716896732049	-5,23216849599562	-6,17782129020663	-6,47441595906785	-6,18233417283258	-5,74385182630703	-6,08372782410069	-7,50485523834424	-10,8731500694128	-10	-5,21994921770296	-5,36699408257689	-5,46143931985774	-6,88550884566343	-6,09719808420482	-6,64051492608991	-9,29911408402961	-6,4902180476241	
-5,55460390893098	-7,04829655624064	-4,79500934641633	-5,99254643304912	-4,26926516018041	-7,46954014134525	-6,50370221694577	-6,95678866238605	-4,75953201886522	-7,04861286179444	-7,18862792066781	-6,83366477581042	-7,27603635940576	-5,65711220982655	-6,42200979759757	-11,2360555631022	-7,83070017129134	-10	-4,44030318200503	-6,56244821556084	-7,35191776116355	-6,40043525061742	-4,76557860875306	-8,96092731634116	-7,25871309155337	
-5,43135994771542	-7,24053428887333	-9,76492232204524	-5,6777806721172	-3,89489580732262	-7,64676626818472	-6,8761467336819	-6,540321290699	-5,33553055265618	-7,98681220161757	-6,86160967313619	-6,96402982364261	-7,10055572856969	-6,6634946606797	-8,66471640754185	-11,4963386613658	-6,03113354415368	-5,60342602929911	-10	-5,85251661473719	-7,25171189609439	-6,1465320736792	-5,86512687954446	-10,0135063732033	-5,99883819175925	
-8,22379398759696	-7,13134821384452	-6,26075963545122	-7,24206861982259	-4,90975702532728	-5,77975558226029	-6,75258231209159	-7,39705137957752	-8,29932163031013	-8,03738244555148	-7,44431872354852	-6,06521651746557	-4,40214867458337	-10,0966212799138	-8,03738244555148	-12,9100319966738	-5,82394458957805	-5,42710009036846	-6,21932775500675	-10	-8,45827202398528	-8,13934737220817	-8,5792986563875	-12,4681992443948	-8,95452387930595	
-8,365555879358	-12,0627341362866	-12,2168848161139	-11,8883807491419	-5,83094121311034	-12,4681992443948	-11,1182725274458	-12,2740432299538	-7,22796508892778	-11,5237376355539	-13,497818661576	-12,6223499242221	-12,9100319966738	-5,71609577136618	-13,497818661576	-10	-12,3346678517703	-11,8883807491419	-12,3992063729078	-11,8883807491419	-10	-13,1613464249547	-13,1613464249547	-15,1072565740101	-13,315497104782	
-5,39046011078582	-10,6646053175197	-12,4681992443948	-9,90875954274423	-5,24876638740466	-11,0999233887776	-10,3798687552977	-10,3281330808985	-5,3765759858993	-10,502086388022	-10,4344277395481	-10,9025639546191	-10,5429083825422	-6,409076048813	-12,5423072165485	-15,1072565740101	-10,4067762082176	-9,10090341440832	-10,980122188965	-6,78997880778882	-10,980122188965	-10	-8,93347047010812	-10,2019817955716	-11,6732693695249	
-11,4696704142837	-13,7209622128902	-12,5423072165485	-11,9717623580809	-10,3623244456468	-12,804671481016	-12,2740432299538	-13,0278150323302	-9,60599836346533	-12,9100319966738	-13,315497104782	-13,1613464249547	-13,0278150323302	-12,9100319966738	-10,4532962238525	-15,1072565740101	-14,0086442853419	-12,1628175948436	-10,7252299393362	-11,8883807491419	-12,4681992443948	-12,9100319966738	-10	-14,4141093934501	-12,9100319966738	
-9,94247060008654	-10,8731500694128	-11,0819048832749	-10,7634511521564	-10,1033102680646	-12,0627341362866	-11,6107490125436	-11,7060591923479	-10,6646053175197	-11,2360555631022	-10,8167971328617	-10,5325455955067	-10,2320592508089	-10,443817479898	-10,5429083825422	-10	-10,9328693041144	-9,23232584315802	-10,0833760531638	-10,9483734906504	-12,5423072165485	-11,3460564583165	-10	-10	-11,8883807491419	
-7,67773573122359	-9,66483886348826	-11,3695869557267	-9,06462374032767	-6,07293764627935	-10,4532962238525	-9,49048547634348	-10,2709746670586	-6,7756703303793	-10,0768186526176	-8,72206217501233	-10,6186202042779	-10,2552263100904	-8,30153402059307	-10,8445766969687	-14,4141093934501	-10,7128074193376	-9,48323906782272	-7,04073508354006	-5,40191512861485	-9,98329259460679	-7,30341327047128	-10,0638314570908	-12,5423072165485	-10	
